5000
335
416
156
533
814
564
929
671
431
277
141
654
961
140
40
20
711
940
654
679
497
45
488
15
510
550
609
797
854
36
450
540
451
957
72
616
872
1
286
302
277
426
955
590
917
347
609
627
286
615
657
134
11
145
148
520
46
108
669
899
143
470
791
593
778
862
560
649
862
846
950
491
623
256
80
540
954
40
518
239
6
175
373
16
671
872
888
716
980
556
967
122
377
757
67
154
618
626
802
832
823
103
322
798
710
753
689
664
792
206
254
150
380
626
165
50
850
52
118
829
607
84
302
335
840
720
488
809
698
641
640
520
743
313
669
805
65
357
820
209
563
73
358
294
51
874
696
900
926
813
80
884
896
381
219
87
453
58
895
150
699
887
21
793
199
690
597
616
398
416
176
312
841
885
606
891
758
301
790
35
113
221
919
8
601
489
94
405
546
340
554
596
226
927
389
777
616
337
392
365
105
919
677
945
803
282
835
912
582
976
947
46
196
217
405
148
705
850
905
602
189
458
198
767
384
586
543
351
274
286
68
378
204
744
322
6
25
508
917
958
835
215
355
382
431
759
882
135
608
786
89
148
595
286
914
331
223
456
33
496
741
100
226
944
843
547
301
219
407
570
528
593
784
882
975
567
640
208
701
599
345
141
747
939
426
12
269
1000
468
654
496
560
753
73
856
948
971
156
166
377
77
694
322
213
575
648
779
567
855
831
165
199
972
263
489
397
275
758
749
94
763
596
653
515
668
860
462
638
16
628
367
444
673
688
656
599
335
434
165
189
265
682
739
236
296
227
984
570
336
732
15
98
327
20
965
346
879
426
984
246
405
350
690
429
37
697
28
371
131
192
911
395
873
649
982
521
875
965
442
563
49
457
660
727
828
624
73
706
402
56
304
158
757
345
587
145
41
614
515
171
805
777
917
30
425
898
550
651
215
343
565
615
799
225
341
626
200
765
684
953
172
987
111
928
683
697
72
723
310
938
894
466
714
162
847
490
60
748
493
626
91
57
240
241
633
580
867
833
345
902
785
868
240
247
796
922
943
219
644
604
157
889
422
222
51
620
712
462
368
556
87
810
612
326
50
597
257
268
429
953
521
565
821
760
164
616
33
106
834
29
62
342
917
483
564
319
102
627
780
821
182
218
630
145
543
32
741
152
299
521
104
820
438
924
931
601
891
964
58
77
992
471
770
260
305
685
931
759
311
62
579
844
280
561
989
174
592
81
677
242
954
781
413
391
56
696
343
299
11
752
727
354
223
496
613
527
181
895
285
491
957
216
687
588
776
27
113
719
459
790
312
412
570
77
154
977
772
848
275
782
600
353
135
174
849
99
52
29
994
337
871
302
904
909
889
31
935
353
749
394
142
412
805
63
488
311
40
259
158
666
392
757
19
526
282
219
625
334
599
970
22
469
271
925
730
511
955
664
863
55
409
357
818
566
419
306
876
810
916
33
828
308
142
846
185
423
416
161
756
14
130
129
482
752
53
563
614
359
227
477
413
987
185
231
552
603
888
427
413
803
812
240
462
305
437
647
727
852
159
835
865
641
963
698
392
368
261
6
726
839
834
491
825
370
73
377
972
960
155
736
114
318
975
928
622
763
926
701
614
84
535
830
724
849
880
468
568
140
825
646
330
10
136
506
379
560
882
350
871
389
86
984
706
412
263
680
175
188
380
140
624
266
322
699
466
201
166
34
340
342
679
21
351
166
526
729
725
760
431
595
148
868
930
205
631
545
884
157
732
263
649
707
528
970
406
346
170
923
379
861
265
409
881
615
574
406
696
650
517
478
244
664
345
525
221
327
69
456
484
153
71
132
211
950
101
616
295
270
539
673
482
155
81
362
769
6
119
816
655
636
293
250
651
637
127
223
964
195
679
799
699
749
930
910
698
30
877
993
651
767
17
132
921
450
845
42
455
315
857
462
950
150
711
953
786
837
175
101
384
853
899
434
953
180
695
651
561
572
995
563
690
11
46
611
460
890
652
915
205
508
376
506
657
438
458
795
627
985
247
362
837
498
795
790
677
490
792
590
413
786
152
102
796
198
64
608
439
67
874
643
927
601
501
583
38
310
729
16
294
328
377
483
177
524
624
205
365
415
794
777
552
946
230
699
143
646
306
581
712
179
576
638
131
428
573
169
737
653
536
31
980
913
865
156
436
488
361
800
254
506
928
805
451
157
855
945
154
513
878
866
691
805
503
822
232
427
342
968
80
877
350
411
141
566
567
576
53
279
727
658
136
654
462
587
163
669
883
316
181
760
533
223
916
388
396
147
814
89
467
893
318
168
304
458
734
222
386
138
852
112
796
987
118
609
925
632
277
808
947
457
919
832
32
835
219
427
333
32
868
799
925
185
319
580
642
52
153
27
189
4
491
984
990
608
945
915
239
221
74
537
30
992
368
61
178
586
839
511
970
706
661
246
242
979
825
884
382
977
262
571
332
752
906
321
359
202
587
949
423
660
486
804
4
205
216
181
791
406
691
112
464
704
357
705
682
181
588
64
509
850
986
840
601
243
512
312
445
99
260
867
110
97
22
113
302
237
646
444
642
688
555
105
391
911
810
73
443
749
488
951
598
473
142
551
715
653
214
511
751
473
729
861
922
750
325
223
986
970
18
980
658
572
84
400
834
245
472
628
994
959
578
591
783
719
493
850
371
706
360
474
531
441
686
452
190
362
26
528
332
43
507
341
966
590
740
151
835
564
778
180
874
707
770
9
425
615
858
147
672
569
972
202
9
657
5
551
19
30
78
702
424
584
394
741
525
485
891
711
48
668
890
274
726
12
282
150
626
491
649
649
59
620
851
420
629
207
970
647
589
47
700
12
982
93
105
858
577
995
569
977
15
458
250
740
821
883
242
798
373
242
447
431
861
649
202
489
855
171
487
443
569
186
807
550
278
911
408
207
257
328
183
271
137
432
363
958
314
956
755
38
197
201
820
409
849
22
898
56
544
736
498
113
922
304
14
551
214
773
757
471
100
939
93
237
722
807
546
387
114
300
424
310
853
244
719
53
617
968
108
160
703
958
272
976
261
286
527
827
58
283
649
510
222
93
746
943
252
291
682
365
942
105
27
794
700
745
199
316
64
658
476
118
615
747
94
228
384
620
54
442
902
54
951
475
498
48
770
749
690
451
114
631
555
140
777
607
236
975
922
299
632
397
768
599
144
861
826
879
480
231
672
734
284
974
208
781
21
977
882
710
779
995
693
334
486
469
940
73
795
213
723
778
610
490
376
105
351
553
983
830
783
655
915
418
628
123
199
1
451
432
62
230
778
754
915
263
574
206
687
720
418
409
850
27
898
577
131
600
130
466
782
912
472
696
330
99
818
880
451
621
311
513
850
88
618
764
702
544
969
388
615
386
796
464
765
45
41
895
645
170
712
426
433
183
473
762
634
643
993
84
263
303
948
112
742
566
227
443
461
547
182
75
932
329
891
48
374
931
295
370
452
6
147
884
189
619
998
822
261
990
257
875
645
205
986
386
122
564
181
934
110
362
8
394
691
250
441
416
532
735
785
983
741
283
219
281
901
568
454
514
909
710
388
553
914
726
291
387
289
471
320
399
184
680
792
874
929
584
641
461
319
425
795
59
59
365
691
960
932
144
825
841
853
212
745
119
289
35
505
578
505
177
328
41
856
471
914
136
54
555
596
372
331
743
782
390
107
472
701
39
967
877
879
820
88
623
290
377
10
146
306
866
322
633
906
529
455
172
665
508
78
612
232
760
354
365
501
461
189
201
499
155
77
729
326
517
703
615
245
712
761
902
930
434
886
835
963
340
358
979
847
435
590
430
195
944
795
695
404
983
248
254
137
676
334
463
544
36
429
788
100
541
41
29
975
926
215
289
265
573
619
464
359
208
893
553
503
39
600
258
373
847
511
862
874
196
324
418
232
104
557
683
645
598
63
971
523
629
611
140
201
229
603
912
788
847
464
643
238
415
900
610
613
763
471
487
958
146
256
541
602
812
223
246
409
637
568
284
266
530
775
818
110
377
729
897
575
545
539
164
959
791
774
572
553
596
410
510
94
665
403
695
476
625
292
237
614
859
872
879
740
646
48
849
374
777
97
948
321
988
464
631
778
237
554
330
184
963
191
277
627
945
323
455
570
614
691
535
824
914
413
563
559
460
763
932
588
860
231
260
847
46
891
624
282
796
305
818
759
847
446
737
792
769
191
713
382
233
247
558
498
11
120
56
822
235
339
410
94
922
669
940
967
911
915
601
707
571
770
817
769
215
553
912
983
96
976
365
680
574
274
178
584
745
585
758
979
924
167
72
197
187
363
515
450
629
467
508
551
236
324
672
451
228
583
433
323
911
149
355
484
422
532
420
167
116
177
145
391
695
569
587
233
931
454
34
912
920
541
462
156
216
133
606
444
68
38
118
978
539
472
813
312
355
584
478
471
112
975
861
158
895
800
391
825
253
776
88
172
317
550
679
884
34
284
679
101
674
149
430
564
972
595
875
327
178
705
149
290
679
361
447
925
160
189
101
764
965
189
288
633
90
966
516
123
602
547
576
275
695
357
838
666
951
64
992
481
768
140
770
798
501
568
722
12
757
823
128
73
11
415
57
100
732
924
574
333
470
501
959
164
858
148
830
808
212
173
288
979
665
409
777
165
977
498
528
85
672
655
509
34
421
565
133
505
840
59
837
310
559
148
825
416
295
6
576
506
179
215
485
843
624
613
359
952
110
238
388
134
245
248
167
17
164
652
521
3
710
710
664
268
857
489
36
151
846
963
9
24
177
493
218
152
457
928
455
566
166
842
51
762
441
218
778
604
869
299
607
930
360
622
549
216
110
584
718
308
546
726
331
75
570
901
226
26
828
681
944
345
874
346
106
667
563
236
270
783
886
228
712
245
850
261
812
311
196
529
618
742
607
301
816
528
553
393
906
380
425
201
77
651
546
534
317
461
769
586
243
654
166
955
898
15
567
61
677
762
942
647
855
548
947
670
427
499
415
684
230
839
884
658
489
782
192
157
242
312
95
836
966
260
790
215
626
708
276
302
470
569
300
324
468
246
346
894
96
760
930
678
950
165
335
439
946
526
947
539
838
41
375
155
300
516
721
277
224
348
931
45
916
230
368
383
828
65
629
923
176
558
600
126
722
935
564
20
812
510
558
1
903
932
507
202
800
228
479
23
927
761
67
195
990
786
577
817
203
557
92
378
114
691
503
188
977
418
207
141
280
116
493
182
400
1000
735
199
579
565
221
505
325
639
699
315
776
628
483
978
184
574
356
650
617
210
189
945
628
747
85
259
862
578
440
261
929
526
811
507
91
31
363
415
21
62
81
149
41
916
126
576
841
833
225
457
43
413
754
22
159
838
280
373
767
71
985
695
596
796
553
686
826
916
453
199
329
885
347
369
152
824
296
993
657
521
449
51
285
202
424
796
392
703
168
510
125
152
557
720
299
109
758
477
376
210
675
704
446
373
424
598
196
720
590
204
592
390
254
228
944
677
23
687
731
542
196
855
46
752
927
344
213
684
820
588
245
846
292
42
218
67
639
414
786
580
617
729
322
223
957
265
251
331
303
334
873
498
540
270
602
466
965
814
501
785
401
97
630
44
139
200
111
129
613
248
61
581
329
382
155
285
998
406
615
300
739
839
149
630
460
750
96
425
563
948
561
316
45
542
711
183
741
173
311
705
773
723
638
101
104
792
385
453
197
351
752
287
190
901
917
1
2
364
425
917
311
985
232
355
527
294
889
619
467
552
324
239
274
961
339
730
752
75
182
301
425
286
939
966
538
207
967
539
570
743
455
881
728
38
587
606
684
476
224
150
27
899
740
652
859
430
381
963
504
563
615
280
848
553
598
737
760
916
275
681
658
82
913
737
471
500
694
154
327
270
303
705
168
394
356
379
823
737
341
678
651
955
310
850
859
259
586
970
174
212
651
183
293
915
272
764
766
317
917
92
586
572
148
754
317
504
484
492
240
824
169
890
130
830
739
340
88
676
310
613
887
312
148
180
578
771
295
344
87
563
787
673
486
935
778
803
438
261
294
29
436
814
270
917
996
8
256
435
35
917
48
921
228
547
452
806
317
746
501
403
661
287
427
146
221
556
300
10
816
593
38
603
759
307
519
754
666
775
540
700
691
587
621
271
485
424
428
801
170
280
204
182
566
982
327
139
538
627
148
705
571
538
308
681
844
826
786
862
952
326
561
995
264
533
265
749
309
44
901
478
323
456
659
888
438
337
378
975
315
526
679
238
63
338
918
258
164
56
119
115
381
32
109
996
916
725
96
224
120
997
53
442
452
63
682
889
400
59
215
66
936
246
303
350
583
573
608
746
628
78
213
360
461
673
355
729
750
803
304
869
799
357
311
250
771
344
491
522
754
705
588
690
950
890
391
885
462
998
630
441
428
194
800
240
219
507
968
968
309
272
188
107
980
850
708
750
193
198
272
947
255
859
988
556
100
378
440
914
728
422
354
507
967
154
746
185
660
714
504
320
337
44
426
316
893
133
417
438
683
688
736
289
898
723
844
350
452
636
263
179
409
968
685
375
121
783
912
132
496
767
451
184
810
228
851
55
713
267
492
747
307
227
35
204
301
230
905
752
865
167
283
625
135
319
1000
607
101
263
91
948
29
893
131
191
121
333
245
185
600
736
931
906
962
317
461
614
546
366
717
763
884
999
387
18
670
738
977
770
1000
67
70
29
311
552
219
783
885
463
967
484
550
249
741
863
565
201
476
463
918
192
577
802
543
963
171
212
701
147
333
52
565
402
80
228
306
650
10
190
464
329
25
365
577
765
227
494
317
54
308
235
598
884
388
140
846
558
351
898
57
35
950
973
437
381
200
742
383
210
283
846
538
307
563
466
423
789
311
739
195
618
325
792
501
712
931
699
622
633
948
678
667
897
2
455
630
202
548
12
763
830
209
652
136
771
117
558
560
780
649
754
397
973
897
250
37
827
300
658
811
247
335
829
496
336
284
477
889
183
488
651
13
696
654
500
819
123
410
730
902
58
835
650
382
731
899
418
909
550
75
71
149
761
899
644
449
534
120
689
717
959
692
81
6
345
580
824
467
989
553
720
398
387
370
780
469
620
197
377
170
624
447
318
736
698
313
536
231
784
225
299
94
916
379
99
612
959
275
79
299
827
798
697
566
519
828
34
139
376
763
660
999
209
329
87
258
641
622
489
776
846
139
869
113
518
319
725
828
593
803
478
420
952
174
337
471
1
722
961
377
484
620
727
45
948
813
302
940
435
142
715
632
281
935
745
798
253
469
977
846
623
454
617
926
980
305
396
980
26
708
708
510
327
435
554
274
599
207
213
385
349
279
17
629
213
113
778
818
933
754
15
907
559
983
832
538
287
580
870
312
287
929
173
614
715
78
239
314
285
452
50
633
82
66
613
295
530
390
464
462
495
478
720
405
460
552
943
746
131
164
409
769
92
582
382
807
11
621
472
295
424
521
279
505
939
243
151
820
632
614
634
478
443
353
883
254
904
177
999
386
692
760
155
135
693
888
941
703
860
764
998
283
637
628
140
575
871
642
394
854
608
27
684
50
380
918
304
635
446
654
21
137
413
527
271
105
414
564
808
274
327
157
908
963
136
47
889
358
689
635
564
296
661
247
697
392
164
1000
379
961
6
751
97
770
277
719
227
42
282
34
315
961
542
223
275
29
621
516
387
661
150
950
956
162
548
5
906
63
356
284
23
361
34
471
131
662
189
357
703
823
742
370
135
635
592
761
15
564
276
753
225
777
702
532
939
601
536
196
663
892
479
685
604
864
507
86
877
696
794
579
870
887
948
4
521
891
764
888
807
392
640
31
168
694
914
458
294
450
653
309
693
483
345
296
346
852
734
222
547
527
153
768
414
452
771
286
695
886
525
501
629
165
883
797
858
796
606
503
597
259
811
289
741
156
937
439
7
670
660
905
548
164
672
313
616
794
599
662
31
475
162
660
639
44
808
848
191
413
351
788
23
161
76
764
668
364
202
674
33
213
578
933
729
601
245
696
394
195
357
777
670
518
436
308
913
595
156
103
359
858
890
382
370
966
145
38
681
698
711
714
910
641
998
638
593
242
333
339
789
689
115
458
558
902
117
470
496
624
925
854
481
814
235
851
131
731
888
812
428
950
877
690
942
874
327
535
467
12
873
255
52
987
64
962
888
181
783
735
156
707
940
989
873
175
839
3
257
78
166
685
379
394
374
321
267
52
855
86
415
727
340
819
65
756
780
304
936
562
38
443
269
977
431
493
503
621
495
760
698
13
444
429
406
169
749
25
572
955
110
987
681
801
805
97
556
936
400
843
497
437
286
117
765
716
609
268
337
456
27
386
468
822
166
225
342
914
249
913
868
358
251
900
511
55
348
66
990
747
909
839
535
546
955
300
261
916
567
949
723
945
687
542
118
852
766
459
766
15
371
985
724
622
237
234
28
936
652
370
683
912
208
217
457
514
868
69
781
786
18
503
730
56
44
847
907
162
305
24
528
28
361
603
1
949
837
28
884
840
749
566
751
308
135
559
174
354
627
954
140
996
809
869
51
204
68
958
717
724
981
244
751
341
847
751
641
35
131
525
874
231
442
976
539
576
534
712
930
160
17
421
156
177
289
558
381
708
515
97
432
848
693
182
540
539
285
181
925
767
705
798
997
146
125
535
74
658
598
355
169
967
775
676
143
415
234
875
123
100
324
554
947
16
87
487
906
371
667
830
137
723
979
486
868
103
20
293
112
970
647
632
936
421
660
78
188
245
953
310
344
628
215
643
643
301
481
548
24
499
729
512
221
707
997
440
161
369
733
272
338
731
255
625
504
914
702
691
510
6
1000
854
985
566
848
627
866
328
526
889
826
606
401
398
312
749
837
824
117
921
447
806
652
702
430
155
967
484
197
477
841
196
682
826
761
529
804
978
856
682
867
33
287
619
430
951
367
618
774
836
539
221
641
542
274
423
696
240
906
892
716
98
439
397
923
551
277
79
528
132
760
746
516
46
716
297
348
435
915
122
270
453
342
262
994
967
684
41
206
589
284
922
39
74
670
961
624
947
391
503
430
150
601
298
548
316
594
895
102
508
16
371
312
709
633
657
675
316
49
233
257
332
506
295
405
175
607
380
473
350
883
255
499
835
552
46
502
497
293
604
5
660
974
668
721
958
325
747
274
725
979
882
57
484
528
813
11
486
193
483
835
427
89
686
261
992
83
762
489
375
717
845
35
691
512
755
648
188
501
273
913
832
506
321
315
385
133
325
871
325
160
57
103
600
742
363
592
825
477
80
199
193
276
585
235
787
691
235
327
192
859
591
23
365
911
689
749
395
366
971
72
525
28
174
124
769
889
67
593
717
146
144
909
421
728
496
560
419
730
238
962
588
828
336
304
90
24
405
836
389
375
907
265
402
81
741
523
321
807
115
37
305
610
297
77
338
792
636
108
873
225
69
813
404
404
116
845
779
872
681
520
247
587
136
1000
19
876
522
339
683
637
375
987
246
24
63
935
815
51
42
40
275
462
852
31
217
319
875
996
191
555
867
437
142
2
436
512
878
310
851
912
298
577
250
895
600
312
830
767
714
223
158
341
685
9
371
901
679
245
248
869
152
114
657
293
116
445
804
345
754
6
608
51
583
857
945
534
168
126
652
234
349
809
574
385
169
944
285
848
540
533
716
691
646
725
335
113
169
139
809
274
496
416
676
430
272
972
316
792
98
967
25
798
128
950
182
296
893
818
143
432
350
211
475
348
287
809
460
807
299
621
80
795
36
107
224
660
78
539
803
527
858
179
324
985
128
857
280
20
675
775
803
376
337
277
723
623
86
535
429
384
155
860
530
542
966
754
553
395
644
355
922
501
885
597
837
12
806
469
383
480
243
538
855
931
814
930
553
251
464
333
987
618
544
868
511
861
973
64
255
617
770
528
469
655
477
306
666
282
774
49
113
368
586
319
298
751
248
202
354
711
886
692
680
781
559
191
641
532
254
247
500
23
127
968
29
603
625
695
236
750
95
348
117
32
666
766
134
914
319
839
976
556
530
656
336
441
846
328
972
451
927
823
825
53
142
854
7
767
900
242
868
346
589
337
377
606
102
862
519
773
701
847
328
230
502
664
670
699
343
993
501
269
815
677
673
957
882
679
75
781
272
942
126
860
278
854
818
732
716
688
504
768
534
183
997
35
846
19
85
189
363
585
809
178
262
482
486
143
512
912
276
784
853
753
995
483
607
812
566
674
500
421
441
33
603
789
420
801
159
504
341
522
89
149
51
702
630
888
844
142
799
471
277
3
224
271
485
182
83
402
207
934
822
999
966
425
139
385
577
298
889
917
819
329
65
221
30
47
108
225
540
906
696
816
908
271
438
745
452
520
498
658
453
320
8
771
96
146
507
672
443
747
940
613
75
356
833
456
754
292
681
293
197
728
460
457
998
898
553
801
769
50
810
574
721
817
344
816
962
850
839
757
597
778
721
23
134
554
479
887
845
511
532
394
238
343
202
587
592
754
739
361
155
548
934
876
716
629
691
677
478
882
785
426
659
506
449
144
411
279
383
607
789
266
1000
378
608
553
316
200
658
54
560
813
601
845
40
316
473
82
344
302
963
481
728
974
986
528
117
396
806
851
354
594
116
706
323
724
258
638
275
916
691
186
80
643
30
119
310
854
552
653
155
515
133
234
488
470
761
956
217
918
807
571
863
922
276
185
997
885
174
271
152
216
456
583
858
837
53
167
690
605
172
197
119
304
782
958
126
543
913
342
812
719
264
675
641
891
211
637
776
385
908
279
600
715
862
810
552
914
976
593
870
147
789
988
803
571
945
928
465
858
621
276
928
885
302
568
775
513
557
902
249
816
533
848
530
394
657
81
659
985
26
529
131
814
868
285
736
813
212
552
22
833
180
949
69
481
869
195
345
425
97
593
240
629
793
121
374
801
202
384
785
579
912
268
392
780
552
480
944
764
31
317
948
210
617
16
691
485
562
35
261
10
980
500
990
772
973
363
572
526
747
357
104
10
624
495
141
175
326
84
290
357
752
237
566
369
604
608
853
518
995
114
527
974
965
517
745
937
231
668
462
329
24
565
339
999
412
831
526
737
915
815
93
18
404
11
386
359
970
239
228
964
704
755
289
668
623
385
957
853
53
770
534
428
335
224
427
98
54
304
186
320
470
279
338
225
641
723
584
610
313
811
926
16
917
214
36
539
599
344
744
651
113
629
78
799
852
856
248
257
511
434
577
981
64
266
205
704
340
140
665
653
303
590
20
219
156
407
110
754
750
205
404
215
185
833
365
50000